1	21806573
1	144863438
1	145360608
1	145368518
1	228363020
2	10740989
2	96643902
2	107041612
3	369975
3	436450
3	53267174
3	170078892
5	37302978
6	99848591
6	112015652
7	101988833
7	103179729
8	10467673
9	33463295
9	135521417
10	50681593
10	53458646
11	1017912
11	47370080
11	65360852
13	113893834
15	41862436
15	48936867
15	99454613
16	1842433
16	2152899
16	72130111
17	2238978
17	25909933
17	36061048
17	74382047
19	4117446
19	17932245
19	40383820
21	47705090
22	21739333
22	36688178
X	2778030
X	2832668
X	2833605
X	2833638
X	38009032
X	49099379
X	101910595
X	101912870
X	105150411
X	151124242
